154 218
32 32 32

2 1 0 32 186 XOR
2 1 0 32 64 AND
2 1 64 33 65 XOR
2 1 65 1 187 XOR
2 1 64 1 66 XOR
2 1 65 66 67 AND
2 1 64 67 68 XOR
2 1 68 34 69 XOR
2 1 69 2 188 XOR
2 1 68 2 70 XOR
2 1 69 70 71 AND
2 1 68 71 72 XOR
2 1 72 35 73 XOR
2 1 73 3 189 XOR
2 1 72 3 74 XOR
2 1 73 74 75 AND
2 1 72 75 76 XOR
2 1 76 36 77 XOR
2 1 77 4 190 XOR
2 1 76 4 78 XOR
2 1 77 78 79 AND
2 1 76 79 80 XOR
2 1 80 37 81 XOR
2 1 81 5 191 XOR
2 1 80 5 82 XOR
2 1 81 82 83 AND
2 1 80 83 84 XOR
2 1 84 38 85 XOR
2 1 85 6 192 XOR
2 1 84 6 86 XOR
2 1 85 86 87 AND
2 1 84 87 88 XOR
2 1 88 39 89 XOR
2 1 89 7 193 XOR
2 1 88 7 90 XOR
2 1 89 90 91 AND
2 1 88 91 92 XOR
2 1 92 40 93 XOR
2 1 93 8 194 XOR
2 1 92 8 94 XOR
2 1 93 94 95 AND
2 1 92 95 96 XOR
2 1 96 41 97 XOR
2 1 97 9 195 XOR
2 1 96 9 98 XOR
2 1 97 98 99 AND
2 1 96 99 100 XOR
2 1 100 42 101 XOR
2 1 101 10 196 XOR
2 1 100 10 102 XOR
2 1 101 102 103 AND
2 1 100 103 104 XOR
2 1 104 43 105 XOR
2 1 105 11 197 XOR
2 1 104 11 106 XOR
2 1 105 106 107 AND
2 1 104 107 108 XOR
2 1 108 44 109 XOR
2 1 109 12 198 XOR
2 1 108 12 110 XOR
2 1 109 110 111 AND
2 1 108 111 112 XOR
2 1 112 45 113 XOR
2 1 113 13 199 XOR
2 1 112 13 114 XOR
2 1 113 114 115 AND
2 1 112 115 116 XOR
2 1 116 46 117 XOR
2 1 117 14 200 XOR
2 1 116 14 118 XOR
2 1 117 118 119 AND
2 1 116 119 120 XOR
2 1 120 47 121 XOR
2 1 121 15 201 XOR
2 1 120 15 122 XOR
2 1 121 122 123 AND
2 1 120 123 124 XOR
2 1 124 48 125 XOR
2 1 125 16 202 XOR
2 1 124 16 126 XOR
2 1 125 126 127 AND
2 1 124 127 128 XOR
2 1 128 49 129 XOR
2 1 129 17 203 XOR
2 1 128 17 130 XOR
2 1 129 130 131 AND
2 1 128 131 132 XOR
2 1 132 50 133 XOR
2 1 133 18 204 XOR
2 1 132 18 134 XOR
2 1 133 134 135 AND
2 1 132 135 136 XOR
2 1 136 51 137 XOR
2 1 137 19 205 XOR
2 1 136 19 138 XOR
2 1 137 138 139 AND
2 1 136 139 140 XOR
2 1 140 52 141 XOR
2 1 141 20 206 XOR
2 1 140 20 142 XOR
2 1 141 142 143 AND
2 1 140 143 144 XOR
2 1 144 53 145 XOR
2 1 145 21 207 XOR
2 1 144 21 146 XOR
2 1 145 146 147 AND
2 1 144 147 148 XOR
2 1 148 54 149 XOR
2 1 149 22 208 XOR
2 1 148 22 150 XOR
2 1 149 150 151 AND
2 1 148 151 152 XOR
2 1 152 55 153 XOR
2 1 153 23 209 XOR
2 1 152 23 154 XOR
2 1 153 154 155 AND
2 1 152 155 156 XOR
2 1 156 56 157 XOR
2 1 157 24 210 XOR
2 1 156 24 158 XOR
2 1 157 158 159 AND
2 1 156 159 160 XOR
2 1 160 57 161 XOR
2 1 161 25 211 XOR
2 1 160 25 162 XOR
2 1 161 162 163 AND
2 1 160 163 164 XOR
2 1 164 58 165 XOR
2 1 165 26 212 XOR
2 1 164 26 166 XOR
2 1 165 166 167 AND
2 1 164 167 168 XOR
2 1 168 59 169 XOR
2 1 169 27 213 XOR
2 1 168 27 170 XOR
2 1 169 170 171 AND
2 1 168 171 172 XOR
2 1 172 60 173 XOR
2 1 173 28 214 XOR
2 1 172 28 174 XOR
2 1 173 174 175 AND
2 1 172 175 176 XOR
2 1 176 61 177 XOR
2 1 177 29 215 XOR
2 1 176 29 178 XOR
2 1 177 178 179 AND
2 1 176 179 180 XOR
2 1 180 62 181 XOR
2 1 181 30 216 XOR
2 1 180 30 182 XOR
2 1 181 182 183 AND
2 1 180 183 184 XOR
2 1 184 63 185 XOR
2 1 185 31 217 XOR
